Q:2,-1,-0.00000003
Q:2,-3,+0.00000003
P:P2,2,-2